a<-c(1,2,3,4,5,6)
b<-c(7,8,9,10,11,12)
result<-array(a,b,dim=3,3,2)
result